B   1 Headquarters~ 1 1 0 1 1000 1000 1000 1000 0 32 1000 0 0 1000 0 0 0 0 0 0 0 0 0 0 0 0 0 Midnight~ 659 588 1 5 1 2 2 88022 None~
B   8 Tannery~ 1 1 1 0 50 50 35 35 0 0 50 0 0 35 0 0 0 0 0 0 0 0 0 0 0 0 0 Midnight~ 658 588 1 5 1 2 2 42952 None~
B   2 Armory~ 1 0 1 0 70 70 30 30 0 0 70 0 0 30 0 0 0 0 0 0 0 0 0 0 0 0 0 Midnight~ 658 589 1 5 1 2 1 91015 None~
B   8 Tannery~ 1 0 0 0 50 50 35 35 0 0 50 0 0 35 0 0 0 0 0 0 0 0 0 0 0 0 0 Midnight~ 658 587 1 5 1 2 2 97772 None~
B   5 Mine~ 1 1 1 1 60 60 30 30 0 0 60 0 0 30 0 0 0 0 0 0 0 0 0 0 0 0 0 Midnight~ 657 589 1 5 1 2 1 34052 None~
B   5 Mine~ 1 1 1 1 60 60 30 30 0 0 60 0 0 30 0 0 0 0 0 0 0 0 0 0 0 0 0 Midnight~ 657 588 1 5 1 2 1 17141 None~
B   5 Mine~ 1 1 1 1 60 60 30 30 0 0 60 0 0 30 0 0 0 0 0 0 0 0 0 0 0 0 0 Midnight~ 657 587 1 5 1 2 1 22176 None~
B   103 Gatherer~ 1 1 1 1 60 60 30 30 0 0 60 0 0 30 0 0 0 0 0 0 0 0 0 0 0 0 0 Midnight~ 659 589 1 5 1 2 1 72829 None~
B   25 Forge~ 1 1 1 1 80 80 40 40 0 0 80 0 0 40 0 0 0 0 0 0 0 0 0 0 0 0 0 Midnight~ 659 587 1 5 1 2 1 94065 None~
B   27 Armorer~ 1 0 1 1 80 80 45 45 0 0 80 0 0 45 0 0 0 0 0 0 0 0 0 0 0 0 0 Midnight~ 660 589 1 5 1 2 2 12511 None~
B   2 Armory~ 1 0 0 1 70 70 30 30 0 0 70 0 0 30 0 0 0 0 0 0 0 0 0 0 0 0 0 Midnight~ 660 588 1 5 1 2 1 86575 None~
B   5 Mine~ 1 1 1 1 60 60 30 30 0 0 60 0 0 30 0 0 0 0 0 0 0 0 0 0 0 0 0 Midnight~ 660 587 1 5 1 2 2 94477 None~
B   5 Mine~ 1 1 1 1 60 60 30 30 0 0 60 0 0 30 0 0 0 0 0 0 0 0 0 0 0 0 0 Midnight~ 660 586 1 5 1 2 1 67983 None~
B   5 Mine~ 1 1 1 1 60 60 30 30 0 0 60 0 0 30 0 0 0 0 0 0 0 0 0 0 0 0 0 Midnight~ 659 586 1 5 1 2 1 38485 None~
B   5 Mine~ 1 1 1 1 60 60 30 30 0 0 60 0 0 30 0 0 0 0 0 0 0 0 0 0 0 0 0 Midnight~ 658 586 1 5 1 2 2 71938 None~
B   5 Mine~ 1 1 1 1 60 60 30 30 0 0 60 0 0 30 0 0 0 0 0 0 0 0 0 0 0 0 0 Midnight~ 657 586 1 5 1 2 2 34627 None~
B   47 Mining Lab~ 1 1 1 1 400 400 200 200 0 0 400 0 0 200 0 0 0 0 0 0 0 0 0 0 0 0 0 Midnight~ 661 588 1 5 1 2 1 39231 None~
B   49 Refinery~ 1 1 1 1 80 80 20 20 0 0 80 0 0 20 0 0 0 0 0 0 0 0 0 0 0 0 0 Midnight~ 661 589 1 5 1 2 2 99863 None~
B   48 Improved Mine~ 1 1 1 1 65 65 35 35 0 0 65 0 0 35 0 0 0 0 0 0 0 0 0 0 0 0 0 Midnight~ 659 590 1 5 1 2 2 43708 None~
B   48 Improved Mine~ 1 1 1 1 65 65 35 35 0 0 65 0 0 35 0 0 0 0 0 0 0 0 0 0 0 0 0 Midnight~ 658 590 1 5 1 2 1 21468 None~
B   48 Improved Mine~ 1 1 1 1 65 65 35 35 0 0 65 0 0 35 0 0 0 0 0 0 0 0 0 0 0 0 0 Midnight~ 657 590 1 5 1 2 2 31131 None~
B   48 Improved Mine~ 1 1 1 1 65 65 35 35 0 0 65 0 0 35 0 0 0 0 0 0 0 0 0 0 0 0 0 Midnight~ 660 590 1 5 1 2 2 60372 None~
B   48 Improved Mine~ 1 1 1 1 65 65 35 35 0 0 65 0 0 35 0 0 0 0 0 0 0 0 0 0 0 0 0 Midnight~ 661 590 1 5 1 2 2 24285 None~
B   50 Marketplace~ 1 1 1 1 100 100 30 30 0 0 100 0 0 30 0 0 0 0 0 0 0 0 0 0 0 0 0 Midnight~ 661 586 1 5 1 2 1 82943 None~
B   23 Warehouse~ 1 1 1 1 40 40 250 250 0 0 40 0 0 250 0 0 0 0 0 0 0 0 0 0 0 0 0 Midnight~ 663 587 0 5 1 2 1 90771 None~
B   58 Tunnel~ 1 1 1 1 75 75 60 60 0 0 75 0 0 60 0 0 0 0 0 0 0 0 0 0 0 0 0 Midnight~ 662 587 1 5 1 2 1 31563 None~
B   55 Processing Plant~ 1 1 1 1 100 100 100 100 0 0 100 0 0 100 0 0 0 0 0 0 0 0 0 0 0 0 0 Midnight~ 661 587 1 5 1 2 1 67573 None~
B   81 Lava Thrower~ 0 1 0 0 115 115 90 90 0 0 115 0 0 90 0 0 0 0 0 0 0 0 0 0 0 0 0 Midnight~ 656 591 1 5 1 2 2 29888 None~
B   81 Lava Thrower~ 0 1 1 0 115 115 90 90 0 0 115 0 0 90 0 0 0 0 0 0 0 0 0 0 0 0 0 Midnight~ 656 590 1 5 1 2 2 26889 None~
B   81 Lava Thrower~ 0 1 1 0 115 115 90 90 0 0 115 0 0 90 0 0 0 0 0 0 0 0 0 0 0 0 0 Midnight~ 656 589 1 5 1 2 1 90169 None~
B   81 Lava Thrower~ 0 1 1 0 115 115 90 90 0 0 115 0 0 90 0 0 0 0 0 0 0 0 0 0 0 0 0 Midnight~ 656 588 1 5 1 2 1 34733 None~
B   81 Lava Thrower~ 0 1 1 0 115 115 90 90 0 0 115 0 0 90 0 0 0 0 0 0 0 0 0 0 0 0 0 Midnight~ 656 587 1 5 1 2 1 60099 None~
B   81 Lava Thrower~ 0 1 1 0 115 115 90 90 0 0 115 0 0 90 0 0 0 0 0 0 0 0 0 0 0 0 0 Midnight~ 656 586 1 5 1 2 1 19947 None~
B   81 Lava Thrower~ 0 1 0 0 115 115 90 90 0 0 115 0 0 90 0 0 0 0 0 0 0 0 0 0 0 0 0 Midnight~ 656 585 1 5 1 2 1 39702 None~
B   81 Lava Thrower~ 1 1 0 1 115 115 90 90 0 0 115 0 0 90 0 0 0 0 0 0 0 0 0 0 0 0 0 Midnight~ 657 585 1 5 1 2 1 14796 None~
B   81 Lava Thrower~ 1 1 0 1 115 115 90 90 0 0 115 0 0 90 0 0 0 0 0 0 0 0 0 0 0 0 0 Midnight~ 658 585 1 5 1 2 1 53199 None~
B   81 Lava Thrower~ 1 1 0 1 115 115 90 90 0 0 115 0 0 90 0 0 0 0 0 0 0 0 0 0 0 0 0 Midnight~ 659 585 1 5 1 2 1 68676 None~
B   81 Lava Thrower~ 1 1 0 1 115 115 90 90 0 0 115 0 0 90 0 0 0 0 0 0 0 0 0 0 0 0 0 Midnight~ 660 585 1 5 1 2 2 99612 None~
B   81 Lava Thrower~ 1 1 0 1 115 115 90 90 0 0 115 0 0 90 0 0 0 0 0 0 0 0 0 0 0 0 0 Midnight~ 661 585 1 5 1 2 2 32389 None~
B   81 Lava Thrower~ 1 1 0 1 115 115 90 90 0 0 115 0 0 90 0 0 0 0 0 0 0 0 0 0 0 0 0 Midnight~ 662 585 1 5 1 2 2 44573 None~
B   81 Lava Thrower~ 1 1 0 1 115 115 90 90 0 0 115 0 0 90 0 0 0 0 0 0 0 0 0 0 0 0 0 Midnight~ 662 586 1 5 1 2 1 54380 None~
B   81 Lava Thrower~ 1 0 0 1 115 115 90 90 0 0 115 0 0 90 0 0 0 0 0 0 0 0 0 0 0 0 0 Midnight~ 663 586 1 5 1 2 1 55343 None~
B   81 Lava Thrower~ 1 0 0 1 115 115 90 90 0 0 115 0 0 90 0 0 0 0 0 0 0 0 0 0 0 0 0 Midnight~ 663 587 1 5 1 2 1 80382 None~
B   81 Lava Thrower~ 1 0 0 1 115 115 90 90 0 0 115 0 0 90 0 0 0 0 0 0 0 0 0 0 0 0 0 Midnight~ 663 588 1 5 1 2 1 89079 None~
B   81 Lava Thrower~ 1 0 0 1 115 115 90 90 0 0 115 0 0 90 0 0 0 0 0 0 0 0 0 0 0 0 0 Midnight~ 662 588 1 5 1 2 2 83888 None~
B   81 Lava Thrower~ 1 0 0 1 115 115 90 90 0 0 115 0 0 90 0 0 0 0 0 0 0 0 0 0 0 0 0 Midnight~ 662 589 1 5 1 2 2 68047 None~
B   81 Lava Thrower~ 1 0 0 1 115 115 90 90 0 0 115 0 0 90 0 0 0 0 0 0 0 0 0 0 0 0 0 Midnight~ 662 590 1 5 1 2 1 46237 None~
B   81 Lava Thrower~ 0 0 0 1 115 115 90 90 0 0 115 0 0 90 0 0 0 0 0 0 0 0 0 0 0 0 0 Midnight~ 662 591 1 5 1 2 2 31310 None~
B   81 Lava Thrower~ 0 0 0 1 115 115 90 90 0 0 115 0 0 90 0 0 0 0 0 0 0 0 0 0 0 0 0 Midnight~ 661 591 1 5 1 2 1 72871 None~
B   81 Lava Thrower~ 0 0 0 1 115 115 90 90 0 0 115 0 0 90 0 0 0 0 0 0 0 0 0 0 0 0 0 Midnight~ 660 591 1 5 1 2 1 54071 None~
B   81 Lava Thrower~ 0 0 0 1 115 115 90 90 0 0 115 0 0 90 0 0 0 0 0 0 0 0 0 0 0 0 0 Midnight~ 659 591 1 5 1 2 2 14610 None~
B   81 Lava Thrower~ 0 0 0 1 115 115 90 90 0 0 115 0 0 90 0 0 0 0 0 0 0 0 0 0 0 0 0 Midnight~ 658 591 1 5 1 2 2 64935 None~
B   81 Lava Thrower~ 0 0 0 1 115 115 90 90 0 0 115 0 0 90 0 0 0 0 0 0 0 0 0 0 0 0 0 Midnight~ 657 591 1 5 1 2 1 55474 None~
#DONE